var A_surface_scheme = NGL.ColormakerRegistry.addScheme(function (params) {
this.atomColor = function (atom) {
if (atom.resno == 0) {return 0xe7e7e7}
else if ([142, 128, 325, 300, 197, 130, 155, 289, 308, 96, 144, 81, 211, 145, 312, 193, 269, 39, 31, 175, 132, 120, 33, 296, 20, 94, 171, 169, 40, 212, 158, 137, 208, 194, 63, 210, 311, 75, 114, 25, 187, 49, 126, 285, 60, 310, 100, 95, 241, 248, 222, 129, 45, 54, 219, 153, 80, 226, 261, 48, 173, 22, 38, 207, 35, 57, 299, 160, 140, 150, 196, 275, 58, 21, 213, 46, 82, 313, 55, 291, 278, 168, 12, 192, 273, 106, 141, 326, 27, 198, 167, 37, 277, 239, 262, 53, 240, 236, 41, 103, 290, 233, 276, 188, 92, 156, 224, 62, 34, 85, 121, 14, 78, 263, 135, 91, 157, 307, 225, 274, 32, 227, 292, 47, 10, 280, 124, 74, 238, 159, 271, 162, 165, 297, 131, 50, 134, 315, 23, 133, 163, 65, 83, 9, 104, 59, 122, 259, 125, 119, 199, 189, 24, 209, 172, 214, 143, 298, 93, 264, 255, 321].includes(atom.resno)) {return 0x6C7593}
else {return 0xe7e7e7}
}})


var B_surface_scheme = NGL.ColormakerRegistry.addScheme(function (params) {
this.atomColor = function (atom) {
if (atom.resno == 0) {return 0xe7e7e7}
else if ([74, 165, 157, 39, 133, 47, 82, 53, 88, 43, 134, 69, 7, 33, 137, 12, 60, 8, 77, 97, 31, 171, 135, 16, 45, 58, 19, 159, 120, 57, 132, 29, 153, 14, 164, 46, 106, 34, 125, 36, 147, 128, 143, 54, 1, 160, 52, 30, 18, 105, 94, 158, 15, 73, 145, 146, 121, 79, 71, 161, 102, 86, 168, 117, 172, 56, 27, 67, 62, 32, 156, 49, 59, 155, 169, 150, 61, 154, 72, 11, 38, 35, 70, 139, 21, 42, 127, 162, 64, 25].includes(atom.resno)) {return 0x6C7593}
else {return 0xe7e7e7}
}})


