var A_surface_scheme = NGL.ColormakerRegistry.addScheme(function (params) {
this.atomColor = function (atom) {
if (atom.resno == 0) {return 0xe7e7e7}
else if ([164, 128, 325, 230, 197, 270, 289, 211, 170, 145, 312, 39, 31, 136, 175, 20, 169, 40, 158, 148, 137, 208, 30, 90, 61, 283, 332, 311, 75, 25, 180, 338, 184, 73, 126, 285, 69, 319, 100, 305, 241, 341, 323, 254, 306, 177, 218, 129, 45, 242, 219, 80, 48, 336, 22, 335, 38, 220, 234, 207, 35, 202, 87, 231, 150, 205, 139, 196, 237, 257, 58, 166, 304, 179, 46, 313, 55, 291, 13, 278, 201, 168, 15, 115, 303, 141, 326, 27, 329, 288, 198, 71, 167, 37, 277, 239, 118, 240, 182, 52, 286, 253, 236, 5, 290, 233, 92, 127, 17, 34, 85, 121, 178, 14, 78, 263, 135, 320, 154, 227, 327, 47, 10, 280, 74, 238, 116, 146, 271, 162, 165, 297, 131, 134, 123, 77, 149, 315, 23, 287, 133, 232, 163, 183, 1, 244, 181, 59, 122, 56, 88, 119, 199, 172, 235, 147, 339, 328, 229, 298, 340, 255, 29, 11, 43].includes(atom.resno)) {return 0x6C7593}
else {return 0xe7e7e7}
}})


var B_surface_scheme = NGL.ColormakerRegistry.addScheme(function (params) {
this.atomColor = function (atom) {
if (atom.resno == 0) {return 0xe7e7e7}
else if ([165, 39, 82, 53, 88, 43, 124, 68, 60, 8, 97, 31, 135, 16, 45, 19, 131, 130, 101, 120, 57, 50, 29, 164, 46, 106, 125, 76, 147, 128, 143, 1, 160, 65, 52, 30, 18, 105, 158, 15, 73, 145, 146, 166, 71, 161, 2, 102, 86, 168, 28, 109, 163, 56, 27, 32, 156, 49, 170, 59, 116, 155, 169, 150, 61, 154, 11, 38, 139, 21, 42, 162, 64, 10, 141, 113, 151].includes(atom.resno)) {return 0x6C7593}
else {return 0xe7e7e7}
}})


