var A_surface_scheme = NGL.ColormakerRegistry.addScheme(function (params) {
this.atomColor = function (atom) {
if (atom.resno == 0) {return 0xe7e7e7}
else if ([142, 117, 128, 325, 300, 197, 289, 308, 96, 144, 81, 211, 322, 145, 312, 193, 269, 39, 31, 175, 256, 233, 33, 296, 94, 171, 169, 40, 212, 158, 137, 208, 194, 63, 79, 90, 210, 75, 174, 25, 187, 49, 215, 285, 57, 310, 100, 216, 248, 222, 323, 129, 45, 242, 219, 80, 226, 261, 48, 173, 38, 207, 35, 57, 299, 160, 231, 140, 190, 196, 275, 58, 21, 166, 304, 46, 82, 267, 313, 55, 291, 262, 223, 278, 201, 12, 192, 273, 101, 106, 141, 27, 198, 167, 277, 239, 262, 105, 53, 53, 240, 41, 103, 290, 233, 276, 188, 102, 224, 62, 78, 263, 135, 91, 157, 307, 225, 274, 32, 227, 47, 324, 10, 280, 124, 238, 116, 146, 159, 271, 162, 165, 131, 50, 123, 123, 77, 149, 315, 23, 133, 163, 65, 83, 104, 80, 122, 56, 125, 119, 199, 189, 24, 209, 172, 214, 217, 143, 298, 93, 264, 255, 321, 186].includes(atom.resno)) {return 0x6C7593}
else {return 0xe7e7e7}
}})


var B_surface_scheme = NGL.ColormakerRegistry.addScheme(function (params) {
this.atomColor = function (atom) {
if (atom.resno == 0) {return 0xe7e7e7}
else if ([74, 165, 157, 39, 133, 82, 53, 88, 43, 134, 124, 68, 69, 7, 33, 137, 175, 60, 8, 31, 66, 171, 16, 135, 173, 45, 19, 58, 131, 159, 120, 57, 132, 50, 78, 29, 153, 14, 164, 46, 34, 125, 76, 147, 128, 143, 1, 114, 160, 9, 30, 18, 105, 158, 75, 15, 73, 145, 146, 121, 174, 71, 161, 102, 86, 168, 172, 56, 27, 62, 32, 156, 49, 170, 59, 116, 167, 155, 169, 150, 26, 40, 154, 72, 11, 38, 35, 70, 139, 42, 127, 123, 64, 141, 25].includes(atom.resno)) {return 0x6C7593}
else {return 0xe7e7e7}
}})


